BkgDroneVolume: 0
AmbientSounds: OMNI><AM_ENV-CityTone.ogg><836.9306><643.1641><0.2717391><0.7652174, OMNI><SO_WAT-LilDrips.ogg><655.215><648.8031><0.1847826><1, SPOT><SO_WAT-OpenFlow.ogg><843.6311><511.8392><0.1847826><0.8826087><891.6311><701.8392><-288.3553><-213.3553><0><0.2304349, 
FadePalette: 12, 0.1847826
