Template: NONE
DangerType: Flood
CeilingDrips: 0.7065217
Clouds: 0.7282609
Grime: 0.04347826
Palette: 21
AmbientSounds: OMNI><SO_WAT-LilDrips.ogg><509.8336><611.1817><0.2717391><1, OMNI><AM_SUB-BlankState.ogg><694.1382><611.1658><0.2934783><1, OMNI><AM_SUB-CaveTone.ogg><699.6198><532.5981><0.2826087><1, 
FadePalette: 10, 1
