GATE_SI_CC: -130.1058,-731.8708,-36.84692,-628.0679,0,0
GATE_SI_LF: 606.8293,697.561,382.439,597.0732,1,0
GATE_UW_SI: -2813.26,50.17636,-1920.253,264.9568,1,0
SI_A02: 943.9706,23.38722,669.3271,58.11297,0,1
SI_A06: -310.0291,994.387,-129.6731,1024.113,1,2
SI_A07: -311.0291,1128.387,-126.6731,1164.113,1,2
SI_A17: 1242.971,-268.6131,866.3264,-348.8869,0,1
SI_A18: 1548.97,-273.613,1128.326,-350.8867,0,1
SI_A20: -276.351,184.6775,-81.54381,176.6294,2,1
SI_A21: 1519.648,-551.3225,1126.456,-597.3706,2,1
SI_A23: 53.97122,269.3874,86.32666,258.1133,0,1
SI_A27: -412.0292,10.38714,-199.6737,50.11297,2,1
SI_A28: -348.0183,108.0412,-192.8473,175.9321,2,1
SI_B01: 481.972,-275.6126,320.3272,-252.8869,1,1
SI_B02: -322.0291,590.3871,-189.6731,664.1128,1,2
SI_B03: -881.0279,-224.6128,-547.6735,-290.8867,0,1
SI_B04: -311.0291,794.3869,-136.6731,793.1131,1,2
SI_B09: -327.0288,212.3872,-193.6731,303.1131,1,1
SI_B10: -496.0288,-143.6131,-264.6732,-142.8867,2,1
SI_B11: 1566.97,-99.61276,1113.326,-100.8868,0,1
SI_B12: -882.0279,35.38694,-544.6736,-37.88705,0,1
SI_B13: -292.4887,-602.5047,-157.7512,-611.2906,0,1
SI_C01: 494.9709,135.3871,268.3268,141.1131,0,1
SI_C02: 1411.97,-275.6129,884.3264,-228.8871,1,1
SI_C03: -1290.03,18.38721,-990.6741,241.1134,1,1
SI_C04: 902.9709,-259.6129,548.3265,-240.8871,1,1
SI_C05: 1394.97,-402.6126,980.3264,-554.8869,2,1
SI_C06: -236.0288,-80.61295,-69.67353,-142.8865,2,1
SI_C07: 1401.97,-15.61287,994.326,115.1131,1,1
SI_C08: 69.97155,-269.6128,4.326839,-259.8869,1,1
SI_C09: -881.8018,-553.4829,-565.0326,-602.5675,0,1
SI_D01: -324.0291,388.3873,-193.6731,424.1134,1,1
SI_D03: -740.0279,18.38721,-648.6729,241.1131,1,1
SI_D05: 1329.97,-108.6128,864.3271,-101.8869,0,1
SI_D06: -480.0288,-279.6126,-424.6734,-252.8869,2,1
SI_D07: -575.1003,-604.8521,-407.8529,-596.5506,0,1
SI_Q01: -2139.546,19.51096,-1812.211,243.5983,1,1
SI_S03: -389.7174,365.935,-320.8492,479.3216,2,0
SI_S04: -412.6379,-397.8544,-239.9263,-378.9155,2,0
SI_S05: 1515.361,-375.8545,1125.073,-475.9155,2,0
OffScreenDen_SI: -906.029,750.3869,-966.673,-216.8871,1,1
Connection: GATE_SI_CC,SI_B13,2,9,48,46,2,3
Connection: GATE_UW_SI,SI_Q01,43,6,11,15,3,2
Connection: SI_A02,SI_D05,45,13,23,60,3,3
Connection: SI_A02,SI_C01,6,13,137,9,3,3
Connection: SI_A06,SI_A07,21,33,23,7,1,3
Connection: SI_A06,SI_B04,23,8,24,72,3,3
Connection: SI_A17,SI_C02,43,10,53,9,0,2
Connection: SI_A17,SI_C05,13,2,10,88,3,3
Connection: SI_A18,SI_C02,4,10,100,9,2,0
Connection: SI_A18,SI_C05,21,1,43,88,3,3
Connection: SI_A18,SI_S05,27,4,31,9,3,0
Connection: SI_A20,SI_B09,41,17,93,10,0,2
Connection: SI_A20,SI_A28,17,11,41,27,3,1
Connection: SI_A21,SI_C05,3,17,29,24,2,3
Connection: SI_A23,SI_D01,27,30,86,52,3,0
Connection: SI_A23,SI_C01,28,6,29,9,3,3
Connection: SI_A27,SI_B09,18,33,11,5,1,3
Connection: SI_A27,SI_B10,9,8,36,75,2,1
Connection: SI_A27,SI_C06,38,6,16,92,0,2
Connection: SI_A28,SI_D01,6,27,45,18,1,0
Connection: SI_B01,SI_C08,8,10,141,36,3,0
Connection: SI_B01,SI_C04,101,10,15,5,3,2
Connection: SI_B02,SI_B04,80,15,39,19,2,3
Connection: SI_B02,SI_D01,5,21,17,67,3,3
Connection: SI_B03,SI_B12,29,72,31,8,2,3
Connection: SI_B03,SI_D06,49,14,3,11,0,2
Connection: SI_B03,SI_C09,7,11,14,104,3,2
Connection: SI_B09,SI_D03,16,10,192,17,3,0
Connection: SI_B10,SI_D06,8,15,77,33,2,1
Connection: SI_B11,SI_D05,11,7,87,7,3,3
Connection: SI_B13,SI_D07,9,69,102,70,2,0
Connection: SI_C02,SI_C07,68,7,12,18,3,3
Connection: SI_C02,SI_C04,6,7,139,5,3,0
Connection: SI_C03,SI_Q01,15,5,379,5,2,3
Connection: SI_C03,SI_D03,138,6,24,6,3,3
Connection: SI_C04,SI_D05,139,36,9,12,0,2
Connection: SI_C06,SI_C08,43,14,15,36,0,2
Connection: SI_C08,SI_D06,4,15,197,12,2,0
Connection: SI_C09,SI_D07,50,71,9,71,1,1
Connection: SI_D01,SI_S03,49,49,32,23,3,0
Connection: SI_D06,SI_S04,129,13,28,30,3,1
