Template: NONE
BkgDroneVolume: 0
Palette: 10
AmbientSounds: SPOT><AM_IND-Utility02.ogg><84.11346><380.4147><0.3043478><1><264.1135><284.4147><-112.3553><1.644653><0><0.252174, 
FadePalette: 0, 0
