GATE_SU_CC: 1486.963,-695.5619,1077.186,-572.5868,2,0
GATE_HI_CC: -1575.322,-261.4211,-1089.69,-195.9961,1,0
GATE_SI_CC: -549.3221,1252.578,-384.6913,961.0036,2,0
CC_A07: 1508.851,-576.49,1077.896,-443.8927,2,1
CC_B11: 1239.851,-590.49,825.896,-427.8927,2,1
CC_C11: 997.8507,-485.4897,704.8951,-483.8927,1,1
CC_A10: -235.1488,-202.4897,-131.1046,-68.89278,1,1
CC_A12: 871.8503,-654.49,563.8949,-518.8927,2,0
CC_B06: 735.8503,-642.4895,438.8952,-588.893,2,1
CC_F01: 543.9203,-516.8224,181.7702,-382.8156,1,1
CC_B14: 146.6257,-599.4839,49.92745,-472.6719,1,1
CC_C08: 87.85057,-782.49,-121.1048,-611.8927,1,1
CC_A17: 425.6467,-778.4568,245.6582,-605.6659,2,1
CC_C03: -473.1498,-685.49,-293.1048,-626.893,2,1
CC_B08: -444.1495,-380.4895,-292.105,-322.8927,1,1
CC_A06: -440.1495,-147.4898,-300.105,-111.8923,1,1
CC_C09: -780.1496,-152.4898,-647.1049,-94.89233,1,1
CC_C13: -1255.849,-141.9022,-971.0253,-85.63561,1,1
CC_A02: -1588.151,-126.4899,-1089.104,-73.89293,1,1
CC_S01: -1732.666,-133.9834,-1213.784,-74.37143,1,0
CC_C07: -444.1495,186.5102,-294.105,34.10702,1,1
CC_B01: 501.8506,-164.4892,448.8952,24.10713,1,1
CC_B10: 498.8506,-420.4894,311.8942,-167.8928,2,1
CC_A15: -425.1495,480.5105,-265.105,357.1071,1,1
CC_C04: -436.1491,821.51,-303.105,500.1071,1,1
CC_C05: -175.1492,674.5105,-135.1048,442.1073,1,1
CC_B05: 91.85072,399.5103,11.8951,358.1073,1,1
CC_A16: -493.1498,1112.509,-352.105,827.1076,2,0
CC_S04: -427.9595,1179.721,-259.7849,949.6289,2,0
CC_D01: 290.8505,525.5099,233.8952,454.1073,2,1
CC_B12: 478.3129,251.4495,338.326,323.4455,1,1
CC_B13: 199.8945,861.385,109.8481,677.3482,1,1
CC_C12: 50.85071,1212.51,96.89525,896.1076,1,1
CC_B04: 668.8504,196.5102,468.895,278.107,1,1
CC_S05: 670.0115,180.2371,604.5582,328.1143,2,0
CC_S03: 1106.334,-494.9835,825.2156,-276.3714,2,0
OffScreenDen_CC: -1127.149,299.5103,-474.1048,-201.8928,1,1
Connection: GATE_SU_CC,CC_A07,36,19,33,4,1,3
Connection: GATE_HI_CC,CC_A02,11,19,19,2,1,3
Connection: GATE_SI_CC,CC_S04,45,9,19,24,0,2
Connection: GATE_SI_CC,CC_A16,36,5,17,35,3,1
Connection: CC_A07,CC_B11,4,11,101,6,2,0
Connection: CC_B11,CC_C11,7,11,39,20,2,0
Connection: CC_C11,CC_S03,43,95,20,9,3,2
Connection: CC_C11,CC_A12,21,11,36,18,3,0
Connection: CC_A10,CC_A06,16,5,43,8,3,3
Connection: CC_A12,CC_B06,11,19,27,52,2,3
Connection: CC_B06,CC_F01,24,75,148,73,1,3
Connection: CC_F01,CC_B14,8,63,37,73,3,3
Connection: CC_F01,CC_B10,73,28,27,10,2,3
Connection: CC_B14,CC_C08,7,63,89,13,3,2
Connection: CC_C08,CC_C03,11,14,47,10,2,0
Connection: CC_C08,CC_A17,142,14,3,6,0,2
Connection: CC_C03,CC_B08,32,107,20,3,0,3
Connection: CC_B08,CC_A06,10,72,27,5,3,3
Connection: CC_A06,CC_C07,27,29,47,17,3,3
Connection: CC_A06,CC_C09,8,8,134,12,3,3
Connection: CC_C09,CC_C13,3,18,149,14,2,0
Connection: CC_C13,CC_A02,4,17,48,12,2,0
Connection: CC_A02,CC_S01,3,11,29,18,2,0
Connection: CC_C07,CC_A15,44,108,25,15,3,0
Connection: CC_B01,CC_B04,33,65,38,11,3,3
Connection: CC_B01,CC_B10,24,15,27,52,3,3
Connection: CC_A15,CC_C04,25,21,17,14,0,3
Connection: CC_A15,CC_C05,25,17,14,10,0,3
Connection: CC_C04,CC_A16,11,108,15,3,3,3
Connection: CC_C04,CC_C05,38,13,10,49,3,3
Connection: CC_C05,CC_B05,33,10,14,11,3,3
Connection: CC_B05,CC_D01,90,29,13,56,3,2
Connection: CC_D01,CC_B13,13,141,34,14,2,3
Connection: CC_D01,CC_B12,34,53,2,73,0,3
Connection: CC_B12,CC_B04,41,56,10,11,3,3
Connection: CC_B13,CC_C12,4,55,45,16,3,3
Connection: CC_B04,CC_S05,23,58,23,25,3,1
