CC_A02: -1514.561,-154.1053,-1038.36,-94.58528,1,1
CC_A06: -366.5599,-175.1052,-249.3616,-132.5846,1,1
CC_A07: 1582.441,-604.1053,1128.64,-464.5851,1,1
CC_A10: 258.4407,-398.1052,115.639,-237.585,1,1
CC_A12: 945.4401,-682.1053,614.6384,-539.585,2,0
CC_A15: -351.5599,452.8949,-214.3616,336.4148,1,1
CC_A16: -419.5603,1084.894,-301.3615,806.4153,2,0
CC_A17: -221.7638,-832.0721,-57.5983,-737.3582,2,1
CC_B01: 575.4404,-192.1046,499.6387,3.414821,1,1
CC_B04: 742.4401,168.8948,501.6384,255.4147,1,1
CC_B05: 165.4402,371.8949,62.63871,337.4149,1,1
CC_B06: 809.4401,-670.105,489.6387,-609.5853,2,1
CC_B08: -370.5599,-408.1051,-241.3616,-343.5851,1,1
CC_B10: 572.4404,-448.1049,362.6378,-188.5851,2,1
CC_B11: 1313.441,-618.1053,876.6395,-448.5851,2,1
CC_B12: 551.9026,223.8341,389.0695,302.7531,1,1
CC_B13: 273.4841,833.7697,160.5916,656.6559,1,1
CC_B14: 220.2151,-627.0995,100.671,-493.3643,1,1
CC_C03: -399.5603,-713.1053,-250.3613,-687.5853,2,1
CC_C04: -362.5595,793.8947,-252.3616,479.4148,1,1
CC_C05: -101.5597,646.895,-84.36118,421.4149,1,1
CC_C07: -370.5599,158.8949,-243.3616,13.41473,1,1
CC_C08: 161.44,-810.1053,-56.36116,-610.585,1,1
CC_C09: -706.5599,-180.1052,-596.3616,-115.5846,1,1
CC_C11: 1071.44,-513.1053,755.6384,-504.5851,1,1
CC_C12: 124.4402,1184.895,147.6388,875.4153,1,1
CC_C13: -1182.259,-169.5176,-920.2819,-106.3278,1,1
CC_D01: 364.4401,497.8944,284.6387,433.4149,2,1
CC_F01: 617.51,-544.4377,232.5138,-403.5079,1,1
CC_H01: -1023.41,682.3845,-1154.255,460.3077,1,1
CC_S01: -1659.076,-161.5988,-1163.04,-95.06378,1,0
CC_S03: 1179.924,-522.5989,875.9589,-297.0638,2,0
CC_S04: -354.3699,1152.106,-209.0415,928.9366,2,0
CC_S05: 743.6013,152.6217,655.3018,307.422,2,0
GATE_CC_UW: -1398.41,533.3845,-553.257,584.3078,1,0
GATE_HI_CC: -1501.732,-289.0366,-1038.945,-216.6883,1,0
GATE_SI_CC: -475.7326,1224.963,-333.9478,940.3113,2,0
GATE_SU_CC: 1560.553,-723.1772,1127.93,-593.279,1,0
OffScreenDen_CC: -1053.559,271.8949,-423.3611,-222.5851,1,1
Connection: CC_A02,CC_C13,48,12,4,17,0,2
Connection: CC_A02,CC_S01,3,11,29,18,2,0
Connection: CC_A02,GATE_HI_CC,19,2,11,19,3,1
Connection: CC_A06,CC_C07,27,29,47,17,3,3
Connection: CC_A06,CC_C09,8,8,134,12,3,3
Connection: CC_A06,CC_B08,27,5,10,72,3,3
Connection: CC_A07,CC_B11,4,11,101,6,2,0
Connection: CC_A07,GATE_SU_CC,33,4,36,19,3,1
Connection: CC_A10,CC_B14,16,5,37,73,3,3
Connection: CC_A12,CC_B06,11,19,27,52,2,3
Connection: CC_A12,CC_C11,36,18,21,11,0,3
Connection: CC_A15,CC_C04,25,21,17,14,0,3
Connection: CC_A15,CC_C05,25,17,14,10,0,3
Connection: CC_A15,CC_C07,25,15,44,108,0,3
Connection: CC_A16,GATE_SI_CC,17,35,36,5,1,3
Connection: CC_A16,CC_C04,15,3,11,108,3,3
Connection: CC_A17,CC_C03,3,6,47,8,2,0
Connection: CC_B01,CC_B04,33,65,38,11,3,3
Connection: CC_B01,CC_B10,24,15,27,52,3,3
Connection: CC_B04,CC_S05,23,58,23,25,3,1
Connection: CC_B04,CC_B12,10,11,41,56,3,3
Connection: CC_B05,CC_D01,90,29,13,56,3,2
Connection: CC_B05,CC_C05,14,11,33,10,3,3
Connection: CC_B06,CC_F01,24,75,148,73,1,3
Connection: CC_B08,CC_C03,20,3,32,107,3,0
Connection: CC_B10,CC_F01,27,10,73,28,3,2
Connection: CC_B11,CC_C11,7,11,39,20,2,0
Connection: CC_B12,CC_D01,2,73,34,53,3,0
Connection: CC_B13,CC_C12,4,55,45,16,3,3
Connection: CC_B13,CC_D01,34,14,13,141,3,2
Connection: CC_B14,CC_C08,7,63,89,13,3,2
Connection: CC_C03,CC_C08,47,10,11,14,0,2
Connection: CC_C04,CC_C05,38,13,10,49,3,3
Connection: CC_C08,CC_F01,142,14,8,63,0,3
Connection: CC_C09,CC_C13,3,18,149,14,2,0
Connection: CC_C11,CC_S03,43,95,20,9,3,2
Connection: CC_S04,GATE_SI_CC,19,24,45,9,2,0
