WaveSpeed: 0.5760869
WaveLength: 0.8804348
WaveAmplitude: 0.2934783
SecondWaveLength: 0.3514494
SecondWaveAmplitude: 0
Clouds: 0.5760869
Grime: 0.5543478
BkgDroneVolume: 0.2769565
Palette: 13
EffectColorB: 6
Effects: Fog-0.6195652-20-20, 
PlacedObjects: CustomDecal><3359.605><91.67041><-25~482~208~522~180~-118~339~-390~0.6413044~1~0.9347826~Rust3~0.3695652~1~0.3695652~1~0.3695652~1~0.3695652~1, CustomDecal><3534.301><77.26321><-28~521~143~494~116~4~-112~-374~0.6630435~1~0~RustB2~0.4565217~0.9673913~0.4565217~0.9673913~0.4565217~0.9673913~0.4565217~0.9673913, CustomDecal><3670.56><-12.05905><-11~618~182~605~168~-18~-501~-271~0.5978261~1~0~Rust3~0.2934783~0.4021739~0.2934783~0.4021739~0.2934783~0.4021739~0.2934783~0.4021739, CustomDecal><4301.947><160.9428><-29~443~199~426~205~-15~113~-413~0.6086956~1~0~Rust2~0.5434783~0.9456522~0.5434783~0.9456522~0.5434783~0.9456522~0.5434783~0.9456522, CustomDecal><4172.933><30.93832><-26~634~162~575~123~-30~-40~-309~0.6521739~1~0~Rust1~0.7065217~0.2717391~0.7065217~0.2717391~0.7065217~0.2717391~0.7065217~0.2717391, CustomDecal><4013.871><100.9025><-49~505~180~499~147~-39~-23~-402~0.5869565~1~0~Rust2~0.423913~1~0.423913~1~0.423913~1~0.423913~1, CustomDecal><4085.445><151.2061><-83~349~806~422~797~75~883~-322~0.6413044~1~0.4130435~AngularWhiteOLs~0.5~0.6956522~0.5~0.6956522~0.5~0.6956522~0.5~0.6956522, CustomDecal><4296.694><407.5475><-1~327~768~330~618~-119~184~-708~0.6304348~0.7065217~0.8913044~Big Tag~0.1413043~0.2391304~0.1413043~0.2391304~0.1413043~0.2391304~0.1413043~0.2391304, CustomDecal><3481.204><334.8054><-22~323~1220~526~1263~200~1103~-567~0.6521739~1~0.7065217~CandyTag~0.3695652~0.6739131~0.3695652~0.6739131~0.3695652~0.6739131~0.3695652~0.6739131, CustomDecal><3501.418><530.8909><-36~331~595~334~689~-28~-497~-797~0.6521739~0.7282609~1~Rabbit~0.6086956~1~0.6086956~1~0.6086956~1~0.6086956~1, CustomDecal><3346.616><145.8375><117~494~835~376~823~-122~215~-416~0.5978261~1~0.4673913~Big Letters~0.4673913~0.7065217~0.4673913~0.7065217~0.4673913~0.7065217~0.4673913~0.7065217, CustomDecal><3169.832><202.8912><-10~327~787~254~870~-4~-283~134~0.6630435~1~0.5543478~CanWorm~0.6956522~0.3043478~0.6956522~0.3043478~0.6956522~0.3043478~0.6956522~0.3043478, InsectGroup><3528.161><281.8681><-497~66~0~0~RedSwarmer~0.2065217, InsectGroup><4487.188><304.818><152~162~0~0~RedSwarmer~0.173913, 
AmbientSounds: SPOT><AM_WAT-Shoreline.ogg><826.895><533.6377><0.3695652><1><404.895><45.6377><-211.3553><-185.3553><0><1, SPOT><AM_WIN-StrongWnd2.ogg><657.2205><523.1978><0.173913><0.8826087><1627.22><733.1978><-301.3553><-320.3553><0><0.6108697, SPOT><SO_WAT-Splashes.ogg><654.4816><411.3008><0.1847826><1><4734.481><364.3008><-179.3553><-100.3553><0><0.7847828, SPOT><SO_WAT-OpenFlow.ogg><836.5667><413.67><0.4456522><1><4706.566><346.67><-194.3553><-108.3553><0><0.904348, SPOT><AM_IND-Utility02.ogg><838.9454><301.4574><0.3152174><1><5230.945><661.4574><-303.3553><-193.3553><0><0.5130436, 
Triggers: RegionBump<tA>event<tB>MusicEvent<eA>songName<eB>BM_SL_SHORE<eA>vol<eB>0.3<eA>prio<eB>0.5<eA>mxThrt<eB>1<eA>loop<eB>0<eA>droneTol<eB>0<eA>rooms<eB>-1<eA>rest<eB>5<eA>fadeIn<eB>0<eA>oneSongPerCycle<eB>0<eA>stopAtDeath<eB>0<eA>stopAtGate<eB>0<tA>multiUse<tB>0<tA>toCycle<tB>-1<tA>fromCycle<tB>0<tA>delay<tB>0<tA>panPos<tB>539.0611<tB>454.5596<tA>fireChance<tB>1<tA>entrance<tB>-1<tA>karma<tB>0<tA>slugcats<tB>111, 
FadePalette: 9, 0.07608695, 0.1521739, 0.2391304, 0.4021739, 0.5652174
