Clouds: 0.4456522
BkgDroneVolume: 0.2869565
Palette: 6
EffectColorA: 10
EffectColorB: 3
Effects: Fog-0.2391304-20-20, 
FadePalette: 15, 0.5652174
