Grime: 0.2391304
Palette: 8
PlacedObjects: ExitSymbolShelter><913.1998><269.9436><, NoSpearStickZone><485.6084><262.3913><-147~221, ExitSymbolShelter><732.8038><268.0386><, ExitSymbolShelter><231.8202><271.0876><, 
FadePalette: 4, 0.7173913
